# random.m_100_n_100_r_0.5_p_0.2.txt
# |U|: 100
# |V|: 100
# |E|: 4008
0	0
0	3
0	4
0	7
0	8
0	9
0	11
0	13
0	15
0	18
0	19
0	21
0	23
0	24
0	25
0	27
0	29
0	30
0	33
0	35
0	37
0	38
0	41
0	42
0	46
0	47
0	50
0	51
0	52
0	54
0	55
0	56
0	58
0	59
0	60
0	61
0	62
0	63
0	64
0	65
0	66
0	67
0	69
0	70
0	71
0	73
0	74
0	75
0	77
0	79
0	81
0	82
0	83
0	84
0	85
0	91
0	92
0	95
0	96
0	98
0	99
1	0
1	7
1	8
1	9
1	10
1	11
1	13
1	15
1	16
1	17
1	18
1	19
1	21
1	23
1	24
1	25
1	27
1	29
1	30
1	31
1	33
1	35
1	37
1	38
1	42
1	47
1	50
1	51
1	52
1	55
1	56
1	58
1	59
1	60
1	61
1	62
1	63
1	64
1	65
1	66
1	67
1	68
1	69
1	70
1	72
1	73
1	74
1	75
1	77
1	79
1	84
1	91
1	92
1	94
1	96
1	98
1	99
2	2
2	10
2	13
2	15
2	17
2	19
2	23
2	26
2	27
2	28
2	29
2	30
2	58
2	64
2	66
2	79
2	80
2	82
2	88
2	91
2	97
3	0
3	7
3	8
3	9
3	11
3	13
3	15
3	18
3	19
3	21
3	23
3	24
3	25
3	27
3	29
3	30
3	33
3	35
3	37
3	38
3	41
3	42
3	45
3	47
3	48
3	50
3	51
3	52
3	55
3	56
3	58
3	59
3	60
3	61
3	62
3	63
3	64
3	65
3	66
3	67
3	69
3	70
3	71
3	73
3	74
3	75
3	77
3	79
3	82
3	84
3	89
3	91
3	92
3	96
3	98
3	99
4	4
4	5
4	7
4	17
4	18
4	21
4	25
4	27
4	35
4	36
4	46
4	49
4	52
4	55
4	62
4	76
4	79
4	83
4	87
4	99
5	0
5	5
5	6
5	7
5	8
5	9
5	11
5	13
5	14
5	15
5	18
5	19
5	20
5	21
5	23
5	24
5	25
5	27
5	28
5	29
5	30
5	31
5	33
5	34
5	35
5	37
5	38
5	42
5	43
5	44
5	46
5	47
5	50
5	51
5	52
5	55
5	56
5	58
5	59
5	60
5	61
5	62
5	63
5	64
5	65
5	66
5	67
5	69
5	70
5	71
5	73
5	74
5	75
5	77
5	79
5	80
5	84
5	85
5	91
5	92
5	94
5	96
5	98
5	99
6	0
6	7
6	8
6	9
6	11
6	12
6	13
6	14
6	15
6	18
6	19
6	21
6	23
6	24
6	25
6	26
6	27
6	29
6	30
6	33
6	35
6	36
6	37
6	38
6	42
6	47
6	50
6	51
6	52
6	55
6	56
6	58
6	59
6	60
6	61
6	62
6	63
6	64
6	65
6	66
6	67
6	69
6	70
6	71
6	72
6	73
6	74
6	75
6	77
6	78
6	79
6	82
6	83
6	84
6	85
6	90
6	91
6	92
6	96
6	97
6	98
6	99
7	3
7	11
7	24
7	30
7	33
7	37
7	51
7	55
7	64
7	74
7	83
7	85
7	93
8	0
8	1
8	7
8	8
8	9
8	11
8	13
8	15
8	18
8	19
8	21
8	23
8	24
8	25
8	27
8	28
8	29
8	30
8	33
8	34
8	35
8	37
8	38
8	39
8	40
8	42
8	47
8	48
8	50
8	51
8	52
8	55
8	56
8	58
8	59
8	60
8	61
8	62
8	63
8	64
8	65
8	66
8	67
8	68
8	69
8	70
8	73
8	74
8	75
8	77
8	79
8	82
8	84
8	91
8	92
8	96
8	98
8	99
9	1
9	3
9	15
9	18
9	30
9	32
9	33
9	34
9	36
9	41
9	54
9	56
9	63
9	65
9	69
9	70
9	71
9	72
9	74
9	79
9	86
10	0
10	4
10	7
10	8
10	9
10	11
10	13
10	15
10	18
10	19
10	21
10	23
10	24
10	25
10	26
10	27
10	29
10	30
10	31
10	33
10	35
10	36
10	37
10	38
10	40
10	42
10	47
10	50
10	51
10	52
10	53
10	55
10	56
10	57
10	58
10	59
10	60
10	61
10	62
10	63
10	64
10	65
10	66
10	67
10	69
10	70
10	73
10	74
10	75
10	76
10	77
10	79
10	81
10	83
10	84
10	91
10	92
10	93
10	96
10	98
10	99
11	1
11	10
11	14
11	15
11	19
11	27
11	30
11	32
11	36
11	39
11	40
11	44
11	55
11	59
11	63
11	66
11	67
11	68
11	73
11	77
11	79
11	89
11	90
11	95
11	99
12	0
12	6
12	7
12	8
12	9
12	11
12	13
12	15
12	18
12	19
12	21
12	23
12	24
12	25
12	27
12	29
12	30
12	31
12	33
12	35
12	37
12	38
12	41
12	42
12	47
12	50
12	51
12	52
12	55
12	56
12	58
12	59
12	60
12	61
12	62
12	63
12	64
12	65
12	66
12	67
12	68
12	69
12	70
12	73
12	74
12	75
12	77
12	79
12	83
12	84
12	89
12	91
12	92
12	94
12	96
12	98
12	99
13	0
13	1
13	7
13	8
13	9
13	10
13	11
13	13
13	15
13	18
13	19
13	21
13	23
13	24
13	25
13	27
13	28
13	29
13	30
13	31
13	33
13	35
13	37
13	38
13	42
13	47
13	50
13	51
13	52
13	54
13	55
13	56
13	58
13	59
13	60
13	61
13	62
13	63
13	64
13	65
13	66
13	67
13	69
13	70
13	73
13	74
13	75
13	77
13	79
13	84
13	89
13	91
13	92
13	93
13	95
13	96
13	98
13	99
14	0
14	4
14	7
14	8
14	9
14	11
14	12
14	13
14	15
14	16
14	18
14	19
14	21
14	22
14	23
14	24
14	25
14	27
14	29
14	30
14	33
14	35
14	36
14	37
14	38
14	42
14	47
14	50
14	51
14	52
14	55
14	56
14	58
14	59
14	60
14	61
14	62
14	63
14	64
14	65
14	66
14	67
14	69
14	70
14	73
14	74
14	75
14	77
14	79
14	84
14	91
14	92
14	94
14	96
14	98
14	99
15	0
15	7
15	8
15	9
15	10
15	11
15	13
15	15
15	18
15	19
15	21
15	23
15	24
15	25
15	26
15	27
15	29
15	30
15	33
15	35
15	37
15	38
15	42
15	47
15	48
15	50
15	51
15	52
15	55
15	56
15	58
15	59
15	60
15	61
15	62
15	63
15	64
15	65
15	66
15	67
15	69
15	70
15	71
15	73
15	74
15	75
15	76
15	77
15	79
15	81
15	82
15	84
15	88
15	90
15	91
15	92
15	93
15	96
15	97
15	98
15	99
16	3
16	5
16	9
16	12
16	13
16	17
16	24
16	25
16	26
16	31
16	34
16	36
16	44
16	47
16	50
16	51
16	52
16	59
16	60
16	70
16	77
16	79
16	91
16	93
17	0
17	5
17	6
17	7
17	8
17	9
17	11
17	13
17	15
17	18
17	19
17	21
17	22
17	23
17	24
17	25
17	27
17	29
17	30
17	33
17	35
17	36
17	37
17	38
17	42
17	46
17	47
17	50
17	51
17	52
17	53
17	55
17	56
17	58
17	59
17	60
17	61
17	62
17	63
17	64
17	65
17	66
17	67
17	69
17	70
17	72
17	73
17	74
17	75
17	77
17	79
17	83
17	84
17	85
17	91
17	92
17	96
17	98
17	99
18	0
18	4
18	5
18	7
18	8
18	9
18	11
18	13
18	15
18	17
18	18
18	19
18	20
18	21
18	23
18	24
18	25
18	26
18	27
18	29
18	30
18	31
18	33
18	34
18	35
18	36
18	37
18	38
18	42
18	46
18	47
18	50
18	51
18	52
18	55
18	56
18	58
18	59
18	60
18	61
18	62
18	63
18	64
18	65
18	66
18	67
18	69
18	70
18	73
18	74
18	75
18	77
18	79
18	82
18	83
18	84
18	85
18	86
18	90
18	91
18	92
18	96
18	98
18	99
19	0
19	4
19	7
19	8
19	9
19	11
19	13
19	15
19	17
19	18
19	19
19	21
19	23
19	24
19	25
19	27
19	29
19	30
19	33
19	35
19	36
19	37
19	38
19	40
19	42
19	44
19	47
19	48
19	50
19	51
19	52
19	55
19	56
19	58
19	59
19	60
19	61
19	62
19	63
19	64
19	65
19	66
19	67
19	69
19	70
19	71
19	73
19	74
19	75
19	77
19	79
19	81
19	84
19	91
19	92
19	96
19	98
19	99
20	1
20	2
20	9
20	24
20	25
20	30
20	35
20	40
20	44
20	46
20	52
20	53
20	54
20	57
20	61
20	63
20	64
20	81
20	82
20	85
20	87
20	88
20	90
20	92
20	94
21	7
21	8
21	19
21	24
21	30
21	33
21	36
21	40
21	49
21	51
21	53
21	58
21	60
21	65
21	72
21	75
21	80
21	83
21	84
21	89
21	90
21	97
22	0
22	7
22	8
22	9
22	11
22	13
22	15
22	18
22	19
22	21
22	23
22	24
22	25
22	27
22	29
22	30
22	33
22	34
22	35
22	37
22	38
22	42
22	47
22	50
22	51
22	52
22	55
22	56
22	58
22	59
22	60
22	61
22	62
22	63
22	64
22	65
22	66
22	67
22	69
22	70
22	73
22	74
22	75
22	77
22	79
22	81
22	83
22	84
22	88
22	91
22	92
22	96
22	98
22	99
23	4
23	6
23	8
23	14
23	17
23	19
23	20
23	26
23	28
23	29
23	31
23	41
23	43
23	52
23	56
23	57
23	74
23	79
23	83
23	97
23	98
24	0
24	4
24	7
24	8
24	9
24	11
24	13
24	15
24	17
24	18
24	19
24	21
24	23
24	24
24	25
24	26
24	27
24	29
24	30
24	31
24	33
24	35
24	37
24	38
24	39
24	40
24	42
24	47
24	48
24	49
24	50
24	51
24	52
24	55
24	56
24	57
24	58
24	59
24	60
24	61
24	62
24	63
24	64
24	65
24	66
24	67
24	69
24	70
24	72
24	73
24	74
24	75
24	77
24	79
24	84
24	87
24	89
24	91
24	92
24	96
24	98
24	99
25	0
25	7
25	8
25	9
25	11
25	13
25	15
25	16
25	18
25	19
25	21
25	23
25	24
25	25
25	26
25	27
25	28
25	29
25	30
25	33
25	35
25	36
25	37
25	38
25	40
25	42
25	43
25	47
25	48
25	50
25	51
25	52
25	55
25	56
25	58
25	59
25	60
25	61
25	62
25	63
25	64
25	65
25	66
25	67
25	69
25	70
25	73
25	74
25	75
25	77
25	78
25	79
25	81
25	84
25	85
25	86
25	91
25	92
25	94
25	96
25	98
25	99
26	0
26	11
26	15
26	21
26	34
26	35
26	37
26	54
26	59
26	60
26	66
26	71
26	74
26	78
26	90
26	92
26	96
27	0
27	2
27	7
27	8
27	9
27	10
27	11
27	13
27	15
27	18
27	19
27	21
27	23
27	24
27	25
27	27
27	29
27	30
27	33
27	35
27	37
27	38
27	40
27	42
27	47
27	48
27	49
27	50
27	51
27	52
27	55
27	56
27	58
27	59
27	60
27	61
27	62
27	63
27	64
27	65
27	66
27	67
27	69
27	70
27	71
27	73
27	74
27	75
27	76
27	77
27	79
27	84
27	91
27	92
27	96
27	98
27	99
28	0
28	1
28	6
28	7
28	8
28	9
28	11
28	13
28	14
28	15
28	17
28	18
28	19
28	20
28	21
28	22
28	23
28	24
28	25
28	27
28	29
28	30
28	33
28	35
28	37
28	38
28	42
28	46
28	47
28	50
28	51
28	52
28	53
28	55
28	56
28	58
28	59
28	60
28	61
28	62
28	63
28	64
28	65
28	66
28	67
28	69
28	70
28	71
28	73
28	74
28	75
28	77
28	78
28	79
28	84
28	86
28	87
28	88
28	91
28	92
28	96
28	97
28	98
28	99
29	3
29	6
29	12
29	18
29	25
29	26
29	41
29	42
29	61
29	62
29	63
29	64
29	66
29	68
29	72
29	86
29	87
29	92
29	94
29	95
30	6
30	9
30	10
30	16
30	25
30	29
30	32
30	39
30	42
30	44
30	45
30	60
30	70
30	74
30	77
30	79
30	81
30	82
30	86
30	94
30	96
31	0
31	7
31	8
31	9
31	11
31	13
31	15
31	17
31	18
31	19
31	20
31	21
31	23
31	24
31	25
31	27
31	28
31	29
31	30
31	33
31	35
31	37
31	38
31	42
31	43
31	47
31	48
31	50
31	51
31	52
31	55
31	56
31	58
31	59
31	60
31	61
31	62
31	63
31	64
31	65
31	66
31	67
31	69
31	70
31	73
31	74
31	75
31	77
31	79
31	84
31	88
31	91
31	92
31	96
31	98
31	99
32	2
32	5
32	10
32	12
32	19
32	34
32	40
32	46
32	47
32	48
32	60
32	69
32	71
32	74
32	82
32	85
33	0
33	6
33	7
33	8
33	9
33	11
33	13
33	15
33	16
33	17
33	18
33	19
33	20
33	21
33	23
33	24
33	25
33	27
33	29
33	30
33	33
33	34
33	35
33	37
33	38
33	42
33	45
33	46
33	47
33	50
33	51
33	52
33	53
33	54
33	55
33	56
33	58
33	59
33	60
33	61
33	62
33	63
33	64
33	65
33	66
33	67
33	68
33	69
33	70
33	73
33	74
33	75
33	76
33	77
33	79
33	83
33	84
33	91
33	92
33	95
33	96
33	98
33	99
34	5
34	6
34	8
34	13
34	24
34	27
34	38
34	40
34	45
34	46
34	64
34	78
34	83
34	88
34	90
34	95
35	1
35	6
35	8
35	16
35	19
35	24
35	26
35	44
35	45
35	46
35	49
35	52
35	53
35	60
35	61
35	71
35	72
35	86
35	92
35	98
36	0
36	6
36	7
36	8
36	9
36	10
36	11
36	13
36	15
36	18
36	19
36	21
36	23
36	24
36	25
36	27
36	28
36	29
36	30
36	33
36	35
36	36
36	37
36	38
36	41
36	42
36	44
36	47
36	50
36	51
36	52
36	55
36	56
36	58
36	59
36	60
36	61
36	62
36	63
36	64
36	65
36	66
36	67
36	69
36	70
36	73
36	74
36	75
36	77
36	79
36	80
36	83
36	84
36	91
36	92
36	95
36	96
36	98
36	99
37	1
37	15
37	19
37	23
37	24
37	30
37	34
37	37
37	39
37	40
37	44
37	57
37	60
37	61
37	63
37	65
37	67
37	68
37	77
37	88
37	90
37	96
38	0
38	4
38	7
38	8
38	9
38	11
38	12
38	13
38	15
38	18
38	19
38	21
38	23
38	24
38	25
38	26
38	27
38	29
38	30
38	32
38	33
38	34
38	35
38	37
38	38
38	39
38	42
38	47
38	50
38	51
38	52
38	55
38	56
38	57
38	58
38	59
38	60
38	61
38	62
38	63
38	64
38	65
38	66
38	67
38	69
38	70
38	72
38	73
38	74
38	75
38	76
38	77
38	79
38	82
38	84
38	91
38	92
38	94
38	96
38	98
38	99
39	0
39	5
39	7
39	8
39	9
39	11
39	13
39	15
39	18
39	19
39	21
39	23
39	24
39	25
39	26
39	27
39	29
39	30
39	33
39	35
39	37
39	38
39	42
39	44
39	46
39	47
39	50
39	51
39	52
39	55
39	56
39	58
39	59
39	60
39	61
39	62
39	63
39	64
39	65
39	66
39	67
39	68
39	69
39	70
39	73
39	74
39	75
39	77
39	79
39	80
39	83
39	84
39	91
39	92
39	96
39	98
39	99
40	5
40	7
40	9
40	23
40	25
40	32
40	36
40	39
40	44
40	50
40	52
40	55
40	69
40	70
40	71
40	72
40	80
40	83
40	86
40	87
41	1
41	3
41	15
41	19
41	28
41	30
41	37
41	45
41	46
41	51
41	63
41	68
41	69
41	70
41	80
41	90
41	94
41	95
41	98
41	99
42	0
42	4
42	6
42	7
42	8
42	9
42	11
42	13
42	15
42	18
42	19
42	21
42	23
42	24
42	25
42	27
42	29
42	30
42	33
42	35
42	37
42	38
42	42
42	47
42	48
42	49
42	50
42	51
42	52
42	53
42	54
42	55
42	56
42	58
42	59
42	60
42	61
42	62
42	63
42	64
42	65
42	66
42	67
42	68
42	69
42	70
42	71
42	73
42	74
42	75
42	77
42	78
42	79
42	80
42	84
42	91
42	92
42	96
42	98
42	99
43	0
43	1
43	2
43	6
43	7
43	8
43	9
43	11
43	13
43	15
43	16
43	17
43	18
43	19
43	21
43	23
43	24
43	25
43	27
43	28
43	29
43	30
43	31
43	33
43	35
43	37
43	38
43	41
43	42
43	44
43	45
43	47
43	50
43	51
43	52
43	55
43	56
43	58
43	59
43	60
43	61
43	62
43	63
43	64
43	65
43	66
43	67
43	69
43	70
43	72
43	73
43	74
43	75
43	77
43	79
43	82
43	83
43	84
43	86
43	89
43	91
43	92
43	96
43	97
43	98
43	99
44	0
44	4
44	8
44	9
44	17
44	24
44	25
44	28
44	30
44	36
44	42
44	43
44	46
44	48
44	50
44	57
44	58
44	61
44	64
44	66
44	75
44	80
44	81
44	87
44	98
45	0
45	3
45	5
45	6
45	7
45	8
45	9
45	11
45	13
45	15
45	18
45	19
45	21
45	23
45	24
45	25
45	27
45	29
45	30
45	33
45	35
45	37
45	38
45	39
45	42
45	47
45	50
45	51
45	52
45	54
45	55
45	56
45	58
45	59
45	60
45	61
45	62
45	63
45	64
45	65
45	66
45	67
45	68
45	69
45	70
45	73
45	74
45	75
45	77
45	79
45	84
45	87
45	88
45	90
45	91
45	92
45	93
45	96
45	98
45	99
46	0
46	7
46	8
46	9
46	10
46	11
46	12
46	13
46	15
46	18
46	19
46	21
46	23
46	24
46	25
46	27
46	29
46	30
46	33
46	35
46	37
46	38
46	40
46	41
46	42
46	46
46	47
46	48
46	50
46	51
46	52
46	55
46	56
46	58
46	59
46	60
46	61
46	62
46	63
46	64
46	65
46	66
46	67
46	69
46	70
46	73
46	74
46	75
46	77
46	79
46	84
46	89
46	91
46	92
46	93
46	96
46	98
46	99
47	0
47	3
47	7
47	8
47	9
47	10
47	11
47	13
47	15
47	16
47	17
47	18
47	19
47	21
47	23
47	24
47	25
47	27
47	28
47	29
47	30
47	32
47	33
47	35
47	37
47	38
47	39
47	42
47	47
47	48
47	50
47	51
47	52
47	55
47	56
47	58
47	59
47	60
47	61
47	62
47	63
47	64
47	65
47	66
47	67
47	69
47	70
47	73
47	74
47	75
47	77
47	79
47	84
47	89
47	91
47	92
47	94
47	95
47	96
47	98
47	99
48	0
48	7
48	8
48	9
48	10
48	11
48	12
48	13
48	15
48	18
48	19
48	21
48	23
48	24
48	25
48	26
48	27
48	29
48	30
48	33
48	35
48	36
48	37
48	38
48	41
48	42
48	45
48	47
48	50
48	51
48	52
48	55
48	56
48	58
48	59
48	60
48	61
48	62
48	63
48	64
48	65
48	66
48	67
48	69
48	70
48	71
48	72
48	73
48	74
48	75
48	77
48	79
48	84
48	91
48	92
48	94
48	96
48	98
48	99
49	0
49	4
49	6
49	8
49	14
49	16
49	26
49	42
49	43
49	48
49	51
49	52
49	65
49	67
49	72
49	77
49	84
49	85
49	90
49	96
49	99
50	5
50	6
50	10
50	14
50	15
50	19
50	24
50	33
50	34
50	38
50	42
50	43
50	55
50	57
50	58
50	64
50	65
50	68
50	77
50	78
50	85
50	91
50	93
50	99
51	0
51	13
51	18
51	19
51	39
51	41
51	49
51	58
51	67
51	71
51	77
51	78
51	81
51	92
52	0
52	5
52	11
52	19
52	23
52	26
52	31
52	39
52	40
52	67
52	68
52	70
52	71
52	72
52	76
52	79
52	85
52	86
52	88
53	3
53	8
53	10
53	16
53	20
53	22
53	24
53	27
53	33
53	36
53	38
53	41
53	42
53	43
53	45
53	49
53	60
53	64
53	72
53	78
53	94
54	0
54	1
54	5
54	7
54	8
54	9
54	11
54	13
54	15
54	18
54	19
54	21
54	23
54	24
54	25
54	27
54	29
54	30
54	33
54	35
54	37
54	38
54	42
54	43
54	47
54	48
54	49
54	50
54	51
54	52
54	55
54	56
54	57
54	58
54	59
54	60
54	61
54	62
54	63
54	64
54	65
54	66
54	67
54	69
54	70
54	71
54	73
54	74
54	75
54	77
54	79
54	84
54	87
54	88
54	91
54	92
54	96
54	98
54	99
55	0
55	3
55	7
55	8
55	9
55	11
55	12
55	13
55	15
55	18
55	19
55	21
55	22
55	23
55	24
55	25
55	27
55	29
55	30
55	33
55	35
55	37
55	38
55	39
55	42
55	46
55	47
55	50
55	51
55	52
55	55
55	56
55	57
55	58
55	59
55	60
55	61
55	62
55	63
55	64
55	65
55	66
55	67
55	69
55	70
55	72
55	73
55	74
55	75
55	77
55	79
55	84
55	85
55	90
55	91
55	92
55	96
55	98
55	99
56	3
56	7
56	11
56	14
56	15
56	21
56	22
56	23
56	27
56	31
56	37
56	38
56	41
56	45
56	47
56	48
56	49
56	51
56	53
56	57
56	74
56	88
56	89
56	96
56	97
57	1
57	5
57	6
57	17
57	21
57	33
57	46
57	50
57	52
57	58
57	66
57	75
57	79
57	81
57	95
58	3
58	10
58	14
58	17
58	29
58	32
58	40
58	41
58	52
58	56
58	63
58	66
58	69
58	70
58	77
58	79
58	84
58	85
58	87
58	94
58	96
59	0
59	2
59	7
59	8
59	9
59	11
59	12
59	13
59	15
59	16
59	18
59	19
59	20
59	21
59	23
59	24
59	25
59	26
59	27
59	29
59	30
59	33
59	35
59	37
59	38
59	42
59	44
59	47
59	50
59	51
59	52
59	54
59	55
59	56
59	58
59	59
59	60
59	61
59	62
59	63
59	64
59	65
59	66
59	67
59	69
59	70
59	72
59	73
59	74
59	75
59	77
59	79
59	84
59	87
59	88
59	91
59	92
59	93
59	96
59	98
59	99
60	0
60	7
60	8
60	9
60	11
60	13
60	14
60	15
60	18
60	19
60	21
60	23
60	24
60	25
60	27
60	29
60	30
60	32
60	33
60	34
60	35
60	37
60	38
60	42
60	43
60	47
60	48
60	50
60	51
60	52
60	55
60	56
60	58
60	59
60	60
60	61
60	62
60	63
60	64
60	65
60	66
60	67
60	69
60	70
60	71
60	73
60	74
60	75
60	77
60	79
60	84
60	88
60	91
60	92
60	96
60	98
60	99
61	10
61	16
61	18
61	19
61	29
61	39
61	44
61	45
61	46
61	53
61	55
61	60
61	63
61	66
61	73
61	76
61	77
61	99
62	6
62	8
62	9
62	10
62	11
62	12
62	16
62	17
62	25
62	27
62	30
62	31
62	34
62	42
62	48
62	54
62	60
62	61
62	63
62	64
62	74
62	76
62	80
62	84
62	92
62	98
63	3
63	4
63	14
63	20
63	21
63	22
63	23
63	31
63	34
63	37
63	38
63	53
63	54
63	62
63	64
63	66
63	71
63	94
64	0
64	2
64	4
64	7
64	8
64	9
64	11
64	13
64	15
64	18
64	19
64	20
64	21
64	23
64	24
64	25
64	27
64	29
64	30
64	31
64	33
64	34
64	35
64	37
64	38
64	41
64	42
64	44
64	47
64	50
64	51
64	52
64	55
64	56
64	57
64	58
64	59
64	60
64	61
64	62
64	63
64	64
64	65
64	66
64	67
64	69
64	70
64	73
64	74
64	75
64	77
64	78
64	79
64	84
64	85
64	90
64	91
64	92
64	96
64	98
64	99
65	0
65	6
65	7
65	8
65	9
65	11
65	13
65	14
65	15
65	18
65	19
65	21
65	23
65	24
65	25
65	27
65	28
65	29
65	30
65	33
65	35
65	37
65	38
65	40
65	42
65	44
65	45
65	47
65	49
65	50
65	51
65	52
65	55
65	56
65	57
65	58
65	59
65	60
65	61
65	62
65	63
65	64
65	65
65	66
65	67
65	69
65	70
65	72
65	73
65	74
65	75
65	77
65	79
65	80
65	82
65	83
65	84
65	88
65	91
65	92
65	96
65	97
65	98
65	99
66	0
66	4
66	10
66	15
66	20
66	21
66	29
66	32
66	39
66	42
66	45
66	47
66	49
66	56
66	59
66	61
66	67
66	69
66	73
66	76
66	86
66	93
66	96
67	0
67	1
67	6
67	10
67	11
67	14
67	31
67	43
67	48
67	54
67	57
67	81
67	82
67	83
67	85
67	90
67	95
68	23
68	24
68	33
68	34
68	35
68	42
68	49
68	57
68	60
68	67
68	72
68	73
68	76
68	86
68	96
69	3
69	5
69	9
69	16
69	19
69	21
69	44
69	48
69	51
69	53
69	55
69	61
69	68
69	70
69	71
69	73
69	78
69	80
69	91
70	0
70	2
70	4
70	7
70	8
70	9
70	10
70	11
70	13
70	15
70	16
70	18
70	19
70	21
70	23
70	24
70	25
70	26
70	27
70	28
70	29
70	30
70	33
70	35
70	37
70	38
70	41
70	42
70	43
70	45
70	47
70	50
70	51
70	52
70	55
70	56
70	58
70	59
70	60
70	61
70	62
70	63
70	64
70	65
70	66
70	67
70	69
70	70
70	71
70	72
70	73
70	74
70	75
70	76
70	77
70	79
70	83
70	84
70	91
70	92
70	96
70	98
70	99
71	5
71	9
71	10
71	13
71	15
71	17
71	19
71	21
71	22
71	23
71	24
71	35
71	42
71	48
71	56
71	58
71	65
71	70
71	81
71	85
71	91
71	92
71	93
71	98
72	0
72	5
72	6
72	7
72	8
72	9
72	11
72	13
72	14
72	15
72	18
72	19
72	20
72	21
72	23
72	24
72	25
72	26
72	27
72	29
72	30
72	31
72	33
72	35
72	37
72	38
72	40
72	42
72	47
72	48
72	50
72	51
72	52
72	55
72	56
72	58
72	59
72	60
72	61
72	62
72	63
72	64
72	65
72	66
72	67
72	69
72	70
72	73
72	74
72	75
72	77
72	79
72	84
72	91
72	92
72	96
72	98
72	99
73	5
73	6
73	19
73	30
73	37
73	40
73	43
73	57
73	70
73	72
73	77
73	80
73	81
73	82
73	86
73	87
73	91
74	0
74	2
74	7
74	8
74	9
74	11
74	12
74	13
74	15
74	18
74	19
74	21
74	23
74	24
74	25
74	27
74	29
74	30
74	33
74	35
74	37
74	38
74	39
74	41
74	42
74	43
74	46
74	47
74	49
74	50
74	51
74	52
74	55
74	56
74	58
74	59
74	60
74	61
74	62
74	63
74	64
74	65
74	66
74	67
74	69
74	70
74	73
74	74
74	75
74	77
74	79
74	80
74	82
74	83
74	84
74	91
74	92
74	96
74	98
74	99
75	0
75	1
75	2
75	6
75	7
75	8
75	9
75	11
75	13
75	14
75	15
75	17
75	18
75	19
75	21
75	23
75	24
75	25
75	27
75	28
75	29
75	30
75	33
75	35
75	37
75	38
75	39
75	42
75	45
75	47
75	50
75	51
75	52
75	54
75	55
75	56
75	58
75	59
75	60
75	61
75	62
75	63
75	64
75	65
75	66
75	67
75	68
75	69
75	70
75	73
75	74
75	75
75	77
75	79
75	82
75	84
75	89
75	91
75	92
75	94
75	96
75	98
75	99
76	3
76	20
76	23
76	34
76	38
76	39
76	40
76	45
76	48
76	51
76	60
76	67
76	68
76	78
76	79
76	84
76	88
76	91
76	96
76	97
76	99
77	0
77	7
77	8
77	9
77	11
77	13
77	14
77	15
77	18
77	19
77	21
77	23
77	24
77	25
77	26
77	27
77	29
77	30
77	32
77	33
77	34
77	35
77	37
77	38
77	42
77	47
77	50
77	51
77	52
77	53
77	55
77	56
77	58
77	59
77	60
77	61
77	62
77	63
77	64
77	65
77	66
77	67
77	69
77	70
77	73
77	74
77	75
77	77
77	79
77	83
77	84
77	91
77	92
77	93
77	95
77	96
77	98
77	99
78	0
78	2
78	4
78	16
78	17
78	20
78	32
78	49
78	52
78	53
78	58
78	62
78	69
78	74
78	81
78	87
78	95
78	98
78	99
79	19
79	20
79	22
79	27
79	28
79	29
79	31
79	33
79	49
79	50
79	56
79	58
79	59
79	68
79	81
79	88
79	92
79	99
80	0
80	3
80	5
80	6
80	7
80	8
80	9
80	10
80	11
80	12
80	13
80	15
80	18
80	19
80	21
80	22
80	23
80	24
80	25
80	27
80	28
80	29
80	30
80	33
80	35
80	37
80	38
80	42
80	43
80	45
80	46
80	47
80	50
80	51
80	52
80	53
80	55
80	56
80	58
80	59
80	60
80	61
80	62
80	63
80	64
80	65
80	66
80	67
80	68
80	69
80	70
80	73
80	74
80	75
80	76
80	77
80	79
80	83
80	84
80	91
80	92
80	96
80	98
80	99
81	0
81	6
81	7
81	8
81	9
81	11
81	12
81	13
81	15
81	17
81	18
81	19
81	21
81	22
81	23
81	24
81	25
81	27
81	29
81	30
81	33
81	35
81	37
81	38
81	42
81	46
81	47
81	48
81	50
81	51
81	52
81	55
81	56
81	58
81	59
81	60
81	61
81	62
81	63
81	64
81	65
81	66
81	67
81	69
81	70
81	72
81	73
81	74
81	75
81	76
81	77
81	79
81	84
81	85
81	87
81	91
81	92
81	96
81	98
81	99
82	5
82	9
82	11
82	19
82	31
82	43
82	47
82	63
82	70
82	76
82	77
82	80
82	88
82	91
82	95
83	4
83	8
83	22
83	24
83	32
83	37
83	43
83	48
83	53
83	55
83	57
83	58
83	61
83	62
83	64
83	73
83	74
83	75
83	79
83	81
83	83
83	88
83	92
84	4
84	6
84	9
84	11
84	18
84	22
84	24
84	27
84	31
84	34
84	41
84	43
84	46
84	69
84	76
84	79
84	84
84	87
84	94
85	0
85	7
85	8
85	9
85	11
85	13
85	15
85	18
85	19
85	21
85	23
85	24
85	25
85	27
85	29
85	30
85	33
85	35
85	37
85	38
85	42
85	44
85	47
85	49
85	50
85	51
85	52
85	55
85	56
85	58
85	59
85	60
85	61
85	62
85	63
85	64
85	65
85	66
85	67
85	68
85	69
85	70
85	71
85	73
85	74
85	75
85	77
85	78
85	79
85	84
85	88
85	91
85	92
85	96
85	98
85	99
86	0
86	2
86	7
86	8
86	9
86	10
86	11
86	13
86	15
86	17
86	18
86	19
86	21
86	23
86	24
86	25
86	27
86	29
86	30
86	33
86	35
86	37
86	38
86	42
86	43
86	44
86	46
86	47
86	50
86	51
86	52
86	55
86	56
86	58
86	59
86	60
86	61
86	62
86	63
86	64
86	65
86	66
86	67
86	69
86	70
86	73
86	74
86	75
86	76
86	77
86	78
86	79
86	84
86	91
86	92
86	96
86	98
86	99
87	0
87	1
87	2
87	3
87	7
87	8
87	9
87	11
87	13
87	15
87	16
87	17
87	18
87	19
87	20
87	21
87	22
87	23
87	24
87	25
87	27
87	29
87	30
87	33
87	35
87	37
87	38
87	42
87	47
87	50
87	51
87	52
87	55
87	56
87	58
87	59
87	60
87	61
87	62
87	63
87	64
87	65
87	66
87	67
87	69
87	70
87	73
87	74
87	75
87	76
87	77
87	78
87	79
87	84
87	87
87	91
87	92
87	96
87	98
87	99
88	11
88	22
88	23
88	25
88	34
88	43
88	45
88	46
88	49
88	59
88	61
88	65
88	67
88	74
88	80
88	84
88	85
88	87
88	91
88	93
88	97
89	0
89	2
89	5
89	8
89	10
89	20
89	25
89	26
89	28
89	38
89	45
89	49
89	51
89	57
89	69
89	70
89	77
89	81
89	88
89	99
90	2
90	4
90	7
90	13
90	25
90	33
90	42
90	47
90	49
90	52
90	53
90	59
90	65
90	66
90	71
90	73
90	74
90	85
90	89
90	90
90	93
90	94
90	98
91	0
91	6
91	7
91	8
91	9
91	11
91	13
91	15
91	18
91	19
91	21
91	22
91	23
91	24
91	25
91	27
91	29
91	30
91	33
91	34
91	35
91	37
91	38
91	42
91	43
91	44
91	47
91	48
91	50
91	51
91	52
91	55
91	56
91	58
91	59
91	60
91	61
91	62
91	63
91	64
91	65
91	66
91	67
91	69
91	70
91	73
91	74
91	75
91	77
91	78
91	79
91	84
91	91
91	92
91	94
91	96
91	98
91	99
92	0
92	7
92	8
92	9
92	11
92	13
92	15
92	18
92	19
92	21
92	23
92	24
92	25
92	27
92	29
92	30
92	32
92	33
92	35
92	37
92	38
92	39
92	42
92	47
92	50
92	51
92	52
92	53
92	55
92	56
92	57
92	58
92	59
92	60
92	61
92	62
92	63
92	64
92	65
92	66
92	67
92	68
92	69
92	70
92	73
92	74
92	75
92	77
92	79
92	84
92	85
92	89
92	91
92	92
92	95
92	96
92	98
92	99
93	1
93	4
93	8
93	9
93	10
93	13
93	15
93	17
93	19
93	23
93	34
93	36
93	37
93	42
93	46
93	47
93	50
93	52
93	64
93	66
93	74
93	81
93	89
93	90
93	92
93	94
93	96
94	8
94	11
94	14
94	17
94	22
94	31
94	40
94	52
94	53
94	64
94	69
94	72
94	73
94	78
94	83
94	84
94	86
94	92
94	94
94	99
95	3
95	12
95	14
95	17
95	19
95	27
95	35
95	37
95	47
95	49
95	50
95	52
95	55
95	62
95	64
95	65
95	70
95	72
95	76
95	78
95	79
95	87
95	92
96	7
96	13
96	19
96	21
96	22
96	25
96	26
96	28
96	29
96	39
96	41
96	43
96	45
96	51
96	53
96	55
96	59
96	63
96	66
96	70
96	71
96	75
96	81
96	87
96	88
96	92
96	94
97	0
97	1
97	3
97	7
97	8
97	9
97	11
97	13
97	15
97	18
97	19
97	20
97	21
97	23
97	24
97	25
97	26
97	27
97	29
97	30
97	33
97	35
97	37
97	38
97	40
97	42
97	47
97	50
97	51
97	52
97	55
97	56
97	58
97	59
97	60
97	61
97	62
97	63
97	64
97	65
97	66
97	67
97	69
97	70
97	72
97	73
97	74
97	75
97	77
97	79
97	84
97	91
97	92
97	96
97	98
97	99
98	0
98	1
98	3
98	5
98	7
98	8
98	9
98	11
98	13
98	15
98	18
98	19
98	20
98	21
98	22
98	23
98	24
98	25
98	27
98	28
98	29
98	30
98	32
98	33
98	34
98	35
98	37
98	38
98	42
98	47
98	50
98	51
98	52
98	55
98	56
98	58
98	59
98	60
98	61
98	62
98	63
98	64
98	65
98	66
98	67
98	69
98	70
98	72
98	73
98	74
98	75
98	77
98	79
98	80
98	83
98	84
98	86
98	87
98	91
98	92
98	96
98	98
98	99
99	3
99	8
99	11
99	12
99	23
99	24
99	26
99	37
99	53
99	56
99	59
99	62
99	65
99	69
99	70
99	76
99	87
99	94
99	98
